1 1 5
0 2 1
4 3 2
2 1 20
0 2 1
4 3 3
0 2 1
1 1 5
0 2 1
5 4 2
0 2 1
2 1 20
0 2 1
1 0.5 10
0 2 1
4 3 3
0 6 1
2 1 1
0 2 1
5 4 3
0 2 1
1 0.5 20
0 12 1
2 1 20
0 2 1
4 3 4
0 2 1
2 1 15
0 2 1
1 0.5 20
0 2 1
2 1 20
0 2 1
4 3 3
0 12 1
2 1 10
0 2 1
4 3 2
0 2 1
3 1 1
0 2 1
5 4 4
0 2 1
1 0.5 10
0 6 1
2 1 5
0 2 1
3 3 5
0 2 1
1 1 15
0 2 1
4 3 3
0 2 1
1 1 15
0 2 1
1 0.5 20
0 2 1
4 3 2
0 2 1
5 4 7
0 6 1
2 1 10
0 2 1
1 0.5 40
0 2 1
4 3 7
0 12 1
2 1 15
0 2 1
4 3 2
0 2 1
1 0.5 40
0 12 1
2 1 20
0 2 1
5 2 5
0 2 1
3 3 20
0 2 1
4 3 8
0 2 1
1 0.5 20
0 2 1
2 1 20
0 2 1
3 3 20
0 2 1
4 2 4
0 2 1
2 1 20
0 2 1
5 4 3
0 2 1
5 2 10
0 2 1
1 0.5 20
0 4 1
4 3 3
0 4 1
5 4 5
